2.327570000000000139e+00
2.328340000000000298e+00
2.328840000000000021e+00
2.329060000000000130e+00
2.329000000000000181e+00
2.328650000000000109e+00
2.328030000000000044e+00
2.327150000000000052e+00
2.326020000000000199e+00
2.324469999999999814e+00
2.322949999999999626e+00
2.321219999999999839e+00
2.319159999999999666e+00
2.316920000000000091e+00
2.314420000000000144e+00
2.311739999999999906e+00
2.308719999999999661e+00
2.305400000000000116e+00
2.302110000000000323e+00
2.298800000000000399e+00
2.295020000000000060e+00
2.291599999999999859e+00
2.287690000000000001e+00
2.283689999999999998e+00
2.279429999999999623e+00
2.275230000000000086e+00
2.270909999999999762e+00
2.266179999999999861e+00
2.262159999999999727e+00
2.257949999999999680e+00
2.253449999999999953e+00
2.248869999999999703e+00
2.244209999999999816e+00
2.239510000000000112e+00
2.234750000000000014e+00
2.230020000000000113e+00
2.225280000000000147e+00
2.220530000000000115e+00
2.216019999999999879e+00
2.211419999999999941e+00
2.206800000000000317e+00
2.202290000000000081e+00
2.197989999999999888e+00
2.193880000000000052e+00
2.189769999999999772e+00
2.185690000000000133e+00
2.181780000000000275e+00
2.178159999999999652e+00
2.174749999999999961e+00
2.171749999999999847e+00
2.168860000000000010e+00
2.166119999999999823e+00
2.163659999999999695e+00
2.161510000000000264e+00
2.159550000000000303e+00
2.157849999999999824e+00
2.156600000000000072e+00
2.155650000000000066e+00
2.154869999999999841e+00
2.154309999999999725e+00
2.154020000000000046e+00
2.153989999999999849e+00
