2.327570000000000139e+00
2.328370000000000051e+00
2.329860000000000042e+00
2.338090000000000224e+00
2.349550000000000249e+00
2.387639999999999763e+00
2.303399999999999892e+00
2.348370000000000068e+00
2.277420000000000222e+00
2.451750000000000096e+00
1.961660000000000181e+00
2.250699999999999701e+00
2.279920000000000169e+00
2.287219999999999587e+00
2.275619999999999976e+00
2.287219999999999587e+00
2.375210000000000043e+00
2.336770000000000014e+00
2.273800000000000043e+00
2.318239999999999856e+00
2.286760000000000126e+00
1.966709999999999958e+00
2.334979999999999833e+00
2.244899999999999896e+00
2.346300000000000274e+00
2.241330000000000044e+00
2.265289999999999804e+00
2.388900000000000023e+00
1.971970000000000001e+00
2.152309999999999945e+00
2.269340000000000135e+00
2.247900000000000009e+00
2.246999999999999886e+00
2.266219999999999679e+00
2.292320000000000135e+00
2.286219999999999697e+00
2.289630000000000276e+00
2.289340000000000153e+00
2.296920000000000073e+00
2.269239999999999924e+00
2.325349999999999806e+00
2.291070000000000384e+00
2.282129999999999992e+00
2.309180000000000010e+00
2.269679999999999698e+00
2.330319999999999947e+00
2.334849999999999870e+00
2.282129999999999992e+00
2.310350000000000126e+00
2.039449999999999985e+00
2.238830000000000098e+00
2.284650000000000070e+00
2.278320000000000345e+00
2.306059999999999999e+00
2.267949999999999910e+00
2.294470000000000010e+00
1.954690000000000039e+00
1.897370000000000001e+00
2.020809999999999995e+00
2.106630000000000003e+00
2.148469999999999658e+00
2.153989999999999849e+00
