4.298319999999999474e+00
4.300149999999999473e+00
4.301359999999999850e+00
4.301899999999999835e+00
4.301770000000000316e+00
4.300939999999999763e+00
4.299489999999999590e+00
4.297419999999999796e+00
4.294760000000000133e+00
4.291069999999999496e+00
4.287490000000000023e+00
4.283399999999999430e+00
4.278520000000000323e+00
4.273220000000000240e+00
4.267300000000000537e+00
4.260979999999999990e+00
4.253850000000000797e+00
4.246020000000000572e+00
4.238300000000000622e+00
4.230529999999999902e+00
4.221689999999999721e+00
4.213700000000000223e+00
4.204600000000000115e+00
4.195339999999999847e+00
4.185500000000000220e+00
4.175859999999999239e+00
4.165960000000000107e+00
4.155199999999999783e+00
4.146079999999999544e+00
4.136600000000000499e+00
4.126500000000000057e+00
4.116290000000000227e+00
4.105949999999999989e+00
4.095600000000000129e+00
4.085189999999999877e+00
4.074910000000000032e+00
4.064670000000000449e+00
4.054489999999999483e+00
4.044889999999999652e+00
4.035190000000000055e+00
4.025510000000000588e+00
4.016119999999999912e+00
4.007239999999999469e+00
3.998820000000000263e+00
3.990469999999999740e+00
3.982260000000000133e+00
3.974429999999999907e+00
3.967270000000000074e+00
3.960579999999999767e+00
3.954739999999999700e+00
3.949170000000000069e+00
3.943940000000000001e+00
3.939309999999999867e+00
3.935309999999999864e+00
3.931729999999999947e+00
3.928669999999999884e+00
3.926499999999999879e+00
3.924889999999999990e+00
3.923639999999999795e+00
3.922849999999999948e+00
3.922570000000000334e+00
3.922800000000000065e+00
