4.298319999999999474e+00
4.300279999999999880e+00
4.305629999999999846e+00
4.338670000000000471e+00
4.390590000000000437e+00
4.531600000000000072e+00
4.244979999999999976e+00
4.367910000000000181e+00
4.193830000000000169e+00
4.747609999999999886e+00
3.630370000000000097e+00
4.024890000000000079e+00
4.170949999999999491e+00
4.141449999999999854e+00
4.179739999999999789e+00
4.037399999999999878e+00
4.417650000000000077e+00
4.349729999999999208e+00
4.144739999999999647e+00
4.058159999999999989e+00
4.339800000000000324e+00
3.654770000000000074e+00
4.257859999999999978e+00
4.060810000000000031e+00
4.374140000000000583e+00
4.000300000000000189e+00
4.244950000000000223e+00
4.246539999999999537e+00
3.563349999999999795e+00
3.932909999999999684e+00
4.041439999999999699e+00
4.039480000000000182e+00
4.019800000000000040e+00
4.090499999999999581e+00
4.173550000000000537e+00
4.160369999999999457e+00
4.174870000000000303e+00
4.102579999999999671e+00
3.942050000000000054e+00
4.146739999999999426e+00
4.290319999999999467e+00
4.209419999999999717e+00
4.090199999999999392e+00
3.977040000000000131e+00
4.151520000000000543e+00
4.321920000000000428e+00
4.327930000000000277e+00
4.188569999999999460e+00
4.188299999999999912e+00
3.781960000000000210e+00
4.094599999999999795e+00
4.144699999999999385e+00
4.159029999999999561e+00
3.991690000000000182e+00
4.142900000000000027e+00
4.112840000000000273e+00
3.600659999999999972e+00
3.567699999999999871e+00
3.731430000000000025e+00
3.856430000000000025e+00
3.914679999999999715e+00
3.922800000000000065e+00
