2.581030000000000157e+00
2.582889999999999908e+00
2.584079999999999711e+00
2.584550000000000125e+00
2.584289999999999754e+00
2.583280000000000243e+00
2.581620000000000026e+00
2.579289999999999861e+00
2.576330000000000009e+00
2.572289999999999743e+00
2.568380000000000329e+00
2.563940000000000108e+00
2.558670000000000222e+00
2.552969999999999740e+00
2.546619999999999884e+00
2.539870000000000072e+00
2.532270000000000021e+00
2.523960000000000203e+00
2.515769999999999840e+00
2.507559999999999789e+00
2.498229999999999951e+00
2.489809999999999857e+00
2.480239999999999778e+00
2.470499999999999918e+00
2.460179999999999811e+00
2.450060000000000127e+00
2.439670000000000005e+00
2.428380000000000205e+00
2.418820000000000192e+00
2.408869999999999845e+00
2.398260000000000058e+00
2.387530000000000374e+00
2.376650000000000151e+00
2.365749999999999797e+00
2.354760000000000186e+00
2.343879999999999963e+00
2.333030000000000381e+00
2.322219999999999729e+00
2.311999999999999833e+00
2.301639999999999908e+00
2.291269999999999918e+00
2.281169999999999920e+00
2.271599999999999842e+00
2.262489999999999668e+00
2.253409999999999691e+00
2.244449999999999612e+00
2.235869999999999802e+00
2.227989999999999693e+00
2.220579999999999998e+00
2.214080000000000048e+00
2.207840000000000025e+00
2.201929999999999943e+00
2.196660000000000057e+00
2.192070000000000185e+00
2.187910000000000021e+00
2.184300000000000352e+00
2.181669999999999998e+00
2.179679999999999840e+00
2.178050000000000264e+00
2.176919999999999966e+00
2.176340000000000163e+00
2.176330000000000098e+00
