2.581030000000000157e+00
2.582989999999999675e+00
2.587229999999999919e+00
2.611199999999999743e+00
2.649440000000000239e+00
2.752289999999999903e+00
2.551889999999999770e+00
2.653440000000000243e+00
2.490850000000000009e+00
2.918559999999999821e+00
1.791500000000000092e+00
2.308520000000000127e+00
2.531989999999999963e+00
2.480440000000000200e+00
2.536459999999999937e+00
2.331219999999999626e+00
2.625320000000000320e+00
2.618100000000000094e+00
2.505130000000000301e+00
2.301090000000000302e+00
2.528810000000000002e+00
1.840279999999999916e+00
2.623889999999999834e+00
2.409650000000000070e+00
2.654300000000000104e+00
2.396380000000000177e+00
2.578179999999999694e+00
2.444150000000000045e+00
1.738019999999999898e+00
2.250690000000000079e+00
2.435329999999999995e+00
2.416749999999999954e+00
2.403610000000000024e+00
2.453610000000000291e+00
2.503880000000000106e+00
2.497500000000000053e+00
2.510190000000000143e+00
2.414320000000000022e+00
2.179159999999999986e+00
2.516530000000000378e+00
2.575570000000000359e+00
2.546760000000000357e+00
2.409159999999999968e+00
2.200709999999999944e+00
2.525539999999999896e+00
2.588219999999999743e+00
2.632969999999999811e+00
2.494289999999999896e+00
2.566089999999999982e+00
1.985650000000000137e+00
2.418349999999999778e+00
2.484210000000000029e+00
2.509860000000000202e+00
2.237219999999999764e+00
2.485719999999999708e+00
2.437599999999999767e+00
1.770869999999999944e+00
1.740339999999999998e+00
1.938190000000000079e+00
2.093500000000000139e+00
2.166269999999999918e+00
2.176330000000000098e+00
